%YAML:1.0
---
K1: !!opencv-matrix
   rows: 3
   cols: 3
   dt: d
   data: [ 3.1288208007812500e+03, 0., 1296., 0., 3.1288208007812500e+03,
       1024., 0., 0., 1. ]
K2: !!opencv-matrix
   rows: 3
   cols: 3
   dt: d
   data: [ 3.1288208007812500e+03, 0., 1296., 0., 3.1288208007812500e+03,
       1024., 0., 0., 1. ]
D1: !!opencv-matrix
   rows: 5
   cols: 1
   dt: d
   data: [ 0., 0., 0., 0., 0. ]
D2: !!opencv-matrix
   rows: 5
   cols: 1
   dt: d
   data: [ 0., 0., 0., 0., 0. ]
R: !!opencv-matrix
   rows: 3
   cols: 3
   dt: d
   data: [ 9.7814756631851196e-01, 8.8645316798075857e-02,
       1.8806729351993567e-01, -8.8645324110984802e-02,
       9.9602759316050771e-01, -8.4276003965209553e-03,
       -1.8806728720664978e-01, -8.4278650499820564e-03,
       9.8211997178614485e-01 ]
T: !!opencv-matrix
   rows: 3
   cols: 1
   dt: d
   data: [ -2.4453688946897262e-01, 2.2161349216289376e-02,
       4.7016800101570944e-02 ]
